73.0,-33.0,72.0,-33.0
72.0,-33.0,72.0,-29.0
72.0,-29.0,73.0,-29.0
73.0,-29.0,73.0,-25.0
73.0,-25.0,68.0,-25.0
68.0,-25.0,68.0,-24.0
68.0,-24.0,61.0,-24.0
61.0,-24.0,61.0,-23.0
61.0,-23.0,53.0,-23.0
53.0,-23.0,53.0,-22.0
53.0,-22.0,46.0,-22.0
46.0,-22.0,46.0,-21.0
46.0,-21.0,34.0,-21.0
34.0,-21.0,34.0,-20.0
34.0,-20.0,22.0,-20.0
22.0,-20.0,22.0,-19.0
22.0,-19.0,18.0,-19.0
18.0,-19.0,18.0,-21.0
18.0,-21.0,16.0,-21.0
16.0,-21.0,16.0,-22.0
16.0,-22.0,13.0,-22.0
13.0,-22.0,13.0,-23.0
13.0,-23.0,9.0,-23.0
9.0,-23.0,9.0,-24.0
9.0,-24.0,5.0,-24.0
5.0,-24.0,5.0,-25.0
5.0,-25.0,5.0,-22.0
5.0,-22.0,1.0,-22.0
1.0,-22.0,1.0,-21.0
1.0,-21.0,-1.0,-21.0
-1.0,-21.0,-1.0,-22.0
-1.0,-22.0,-2.0,-22.0
-2.0,-22.0,-2.0,-23.0
-2.0,-23.0,-3.0,-23.0
-3.0,-23.0,-3.0,-27.0
-3.0,-27.0,-4.0,-27.0
-4.0,-27.0,-4.0,-29.0
-4.0,-29.0,-6.0,-29.0
-6.0,-29.0,-6.0,-28.0
-6.0,-28.0,-7.0,-28.0
-7.0,-28.0,-7.0,-26.0
-7.0,-26.0,-8.0,-26.0
-8.0,-26.0,-8.0,-23.0
-8.0,-23.0,-7.0,-23.0
-7.0,-23.0,-7.0,-21.0
-7.0,-21.0,-6.0,-21.0
-6.0,-21.0,-6.0,-19.0
-6.0,-19.0,-4.0,-19.0
-4.0,-19.0,-4.0,-18.0
-4.0,-18.0,-3.0,-18.0
-3.0,-18.0,-3.0,-17.0
-3.0,-17.0,-2.0,-17.0
-2.0,-17.0,-2.0,-3.0
-2.0,-3.0,-3.0,-3.0
-3.0,-3.0,-3.0,2.0
-3.0,2.0,-2.0,2.0
-2.0,2.0,-2.0,3.0
-2.0,3.0,-1.0,3.0
-1.0,3.0,-1.0,4.0
-1.0,4.0,0.0,4.0
0.0,4.0,0.0,5.0
0.0,5.0,1.0,5.0
1.0,5.0,1.0,4.0
1.0,4.0,2.0,4.0
2.0,4.0,2.0,2.0
2.0,2.0,1.0,2.0
1.0,2.0,1.0,-18.0
1.0,-18.0,7.0,-18.0
7.0,-18.0,7.0,-19.0
7.0,-19.0,10.0,-19.0
10.0,-19.0,10.0,-18.0
10.0,-18.0,14.0,-18.0
14.0,-18.0,14.0,-17.0
14.0,-17.0,15.0,-17.0
15.0,-17.0,15.0,-16.0
15.0,-16.0,17.0,-16.0
17.0,-16.0,17.0,-15.0
17.0,-15.0,19.0,-15.0
19.0,-15.0,19.0,-16.0
19.0,-16.0,28.0,-16.0
28.0,-16.0,28.0,-17.0
28.0,-17.0,35.0,-17.0
35.0,-17.0,35.0,-18.0
35.0,-18.0,37.0,-18.0
37.0,-18.0,37.0,-17.0
37.0,-17.0,38.0,-17.0
38.0,-17.0,38.0,-18.0
38.0,-18.0,49.0,-18.0
49.0,-18.0,49.0,-19.0
49.0,-19.0,56.0,-19.0
56.0,-19.0,56.0,-20.0
56.0,-20.0,63.0,-20.0
63.0,-20.0,63.0,-21.0
63.0,-21.0,69.0,-21.0
69.0,-21.0,69.0,-22.0
69.0,-22.0,80.0,-22.0
80.0,-22.0,80.0,-23.0
80.0,-23.0,85.0,-23.0
85.0,-23.0,85.0,-30.0
85.0,-30.0,80.0,-30.0
80.0,-30.0,80.0,-29.0
80.0,-29.0,78.0,-29.0
78.0,-29.0,78.0,-30.0
78.0,-30.0,77.0,-30.0
77.0,-30.0,77.0,-29.0
77.0,-29.0,75.0,-29.0
75.0,-29.0,75.0,-31.0
75.0,-31.0,74.0,-31.0
74.0,-31.0,74.0,-33.0
74.0,-33.0,73.0,-33.0