-1.001708186166196,-0.3974549381916906,-1.001708186166196,-0.5107524221869103
-1.001708186166196,-0.5107524221869103,-0.9261765301693828,-0.5107524221869103
-0.9261765301693828,-0.5107524221869103,-0.9261765301693828,-0.5862840781837235
-0.9261765301693828,-0.5862840781837235,-0.9639423581677894,-0.5862840781837235
-0.9639423581677894,-0.5862840781837235,-0.9639423581677894,-0.6618157341805366
-0.9639423581677894,-0.6618157341805366,-1.001708186166196,-0.6618157341805366
-1.001708186166196,-0.6618157341805366,-1.001708186166196,-0.6240499061821301
-1.001708186166196,-0.6240499061821301,-0.9639423581677894,-0.6240499061821301
-0.9639423581677894,-0.6240499061821301,-0.9639423581677894,-0.6618157341805366
-0.9639423581677894,-0.6618157341805366,-1.001708186166196,-0.6618157341805366
-1.001708186166196,-0.6618157341805366,-1.001708186166196,-0.6995815621789433
-1.001708186166196,-0.6995815621789433,-0.9639423581677894,-0.6995815621789433
-0.9639423581677894,-0.6995815621789433,-0.9639423581677894,-0.8506448741725696
-0.9639423581677894,-0.8506448741725696,-0.9261765301693828,-0.8506448741725696
-0.9261765301693828,-0.8506448741725696,-0.9261765301693828,-0.9261765301693828
-0.9261765301693828,-0.9261765301693828,-0.8884107021709762,-0.9261765301693828
-0.8884107021709762,-0.9261765301693828,-0.8884107021709762,-1.001708186166196
-0.8884107021709762,-1.001708186166196,-0.9261765301693828,-1.001708186166196
-0.9261765301693828,-1.001708186166196,-0.9261765301693828,-1.1150056701614157
-0.9261765301693828,-1.1150056701614157,-0.9639423581677894,-1.1150056701614157
-0.9639423581677894,-1.1150056701614157,-0.9639423581677894,-1.0772398421630092
-0.9639423581677894,-1.0772398421630092,-0.9261765301693828,-1.0772398421630092
-0.9261765301693828,-1.0772398421630092,-0.9261765301693828,-1.1150056701614157
-0.9261765301693828,-1.1150056701614157,-0.9639423581677894,-1.1150056701614157
-0.9639423581677894,-1.1150056701614157,-0.9261765301693828,-1.1150056701614157
-0.9261765301693828,-1.1150056701614157,-0.9261765301693828,-1.2283031541566356
-0.9261765301693828,-1.2283031541566356,-0.9639423581677894,-1.2283031541566356
-0.9639423581677894,-1.2283031541566356,-0.9639423581677894,-1.1905373261582288
-0.9639423581677894,-1.1905373261582288,-0.9261765301693828,-1.1905373261582288
-0.9261765301693828,-1.1905373261582288,-0.9261765301693828,-1.2283031541566356
-0.9261765301693828,-1.2283031541566356,-1.001708186166196,-1.2283031541566356
-1.001708186166196,-1.2283031541566356,-1.001708186166196,-1.1905373261582288
-1.001708186166196,-1.1905373261582288,-0.9639423581677894,-1.1905373261582288
-0.9639423581677894,-1.1905373261582288,-0.9639423581677894,-1.2283031541566356
-0.9639423581677894,-1.2283031541566356,-0.9261765301693828,-1.2283031541566356
-0.9261765301693828,-1.2283031541566356,-0.9261765301693828,-1.2660689821550422
-0.9261765301693828,-1.2660689821550422,-0.8884107021709762,-1.2660689821550422
-0.8884107021709762,-1.2660689821550422,-0.8884107021709762,-1.3793664661502618
-0.8884107021709762,-1.3793664661502618,-0.8506448741725696,-1.3793664661502618
-0.8506448741725696,-1.3793664661502618,-0.8506448741725696,-1.4926639501454817
-0.8506448741725696,-1.4926639501454817,-0.8884107021709762,-1.4926639501454817
-0.8884107021709762,-1.4926639501454817,-0.8884107021709762,-1.5304297781438883
-0.8884107021709762,-1.5304297781438883,-0.8506448741725696,-1.5304297781438883
-0.8506448741725696,-1.5304297781438883,-0.8506448741725696,-1.7570247461343278
-0.8506448741725696,-1.7570247461343278,-0.8884107021709762,-1.7570247461343278
-0.8884107021709762,-1.7570247461343278,-0.8884107021709762,-1.9458538861263606
-0.8884107021709762,-1.9458538861263606,-0.8506448741725696,-1.9458538861263606
-0.8506448741725696,-1.9458538861263606,-0.8506448741725696,-2.0591513701215804
-0.8506448741725696,-2.0591513701215804,-0.8884107021709762,-2.0591513701215804
-0.8884107021709762,-2.0591513701215804,-0.8884107021709762,-2.2102146821152067
-0.8884107021709762,-2.2102146821152067,-0.9261765301693828,-2.2102146821152067
-0.9261765301693828,-2.2102146821152067,-0.9261765301693828,-2.2857463381120198
-0.9261765301693828,-2.2857463381120198,-0.8884107021709762,-2.2857463381120198
-0.8884107021709762,-2.2857463381120198,-0.8884107021709762,-2.3235121661104263
-0.8884107021709762,-2.3235121661104263,-0.8128790461741631,-2.3235121661104263
-0.8128790461741631,-2.3235121661104263,-0.8128790461741631,-2.3612779941088333
-0.8128790461741631,-2.3612779941088333,-0.7751132181757564,-2.3612779941088333
-0.7751132181757564,-2.3612779941088333,-0.7751132181757564,-2.39904382210724
-0.7751132181757564,-2.39904382210724,-0.6240499061821301,-2.39904382210724
-0.6240499061821301,-2.39904382210724,-0.6240499061821301,-2.3612779941088333
-0.6240499061821301,-2.3612779941088333,-0.5862840781837235,-2.3612779941088333
-0.5862840781837235,-2.3612779941088333,-0.5862840781837235,-2.2102146821152067
-0.5862840781837235,-2.2102146821152067,-0.548518250185317,-2.2102146821152067
-0.548518250185317,-2.2102146821152067,-0.548518250185317,-2.1724488541168
-0.548518250185317,-2.1724488541168,-0.3974549381916906,-2.1724488541168
-0.3974549381916906,-2.1724488541168,-0.3974549381916906,-2.2102146821152067
-0.3974549381916906,-2.2102146821152067,-0.3219232821948774,-2.2102146821152067
-0.3219232821948774,-2.2102146821152067,-0.3219232821948774,-2.1724488541168
-0.3219232821948774,-2.1724488541168,0.017969169790781888,-2.1724488541168
0.017969169790781888,-2.1724488541168,0.017969169790781888,-2.2102146821152067
0.017969169790781888,-2.2102146821152067,0.05573499778918848,-2.2102146821152067
0.05573499778918848,-2.2102146821152067,0.05573499778918848,-2.1724488541168
0.05573499778918848,-2.1724488541168,0.13126665378600166,-2.1724488541168
0.13126665378600166,-2.1724488541168,0.13126665378600166,-2.2102146821152067
0.13126665378600166,-2.2102146821152067,0.16903248178440825,-2.2102146821152067
0.16903248178440825,-2.2102146821152067,0.16903248178440825,-2.1724488541168
0.16903248178440825,-2.1724488541168,0.2445641377812214,-2.1724488541168
0.2445641377812214,-2.1724488541168,0.2445641377812214,-2.1346830261183936
0.2445641377812214,-2.1346830261183936,0.20679830978281483,-2.1346830261183936
0.20679830978281483,-2.1346830261183936,0.20679830978281483,-2.096917198119987
0.20679830978281483,-2.096917198119987,0.16903248178440825,-2.096917198119987
0.16903248178440825,-2.096917198119987,0.16903248178440825,-2.0591513701215804
0.16903248178440825,-2.0591513701215804,-0.5107524221869103,-2.0591513701215804
-0.5107524221869103,-2.0591513701215804,-0.5107524221869103,-1.9458538861263606
-0.5107524221869103,-1.9458538861263606,-0.548518250185317,-1.9458538861263606
-0.548518250185317,-1.9458538861263606,-0.548518250185317,-1.832556402131141
-0.548518250185317,-1.832556402131141,-0.5107524221869103,-1.832556402131141
-0.5107524221869103,-1.832556402131141,-0.5107524221869103,-1.6814930901375145
-0.5107524221869103,-1.6814930901375145,-0.548518250185317,-1.6814930901375145
-0.548518250185317,-1.6814930901375145,-0.548518250185317,-1.6059614341407014
-0.548518250185317,-1.6059614341407014,-0.5862840781837235,-1.6059614341407014
-0.5862840781837235,-1.6059614341407014,-0.5862840781837235,-1.3038348101534487
-0.5862840781837235,-1.3038348101534487,-0.6240499061821301,-1.3038348101534487
-0.6240499061821301,-1.3038348101534487,-0.6240499061821301,-1.1905373261582288
-0.6240499061821301,-1.1905373261582288,-0.5862840781837235,-1.1905373261582288
-0.5862840781837235,-1.1905373261582288,-0.5862840781837235,-1.1150056701614157
-0.5862840781837235,-1.1150056701614157,-0.5107524221869103,-1.1150056701614157
-0.5107524221869103,-1.1150056701614157,-0.5107524221869103,-1.0772398421630092
-0.5107524221869103,-1.0772398421630092,-0.548518250185317,-1.0772398421630092
-0.548518250185317,-1.0772398421630092,-0.548518250185317,-0.9261765301693828
-0.548518250185317,-0.9261765301693828,-0.5107524221869103,-0.9261765301693828
-0.5107524221869103,-0.9261765301693828,-0.5107524221869103,-0.9639423581677894
-0.5107524221869103,-0.9639423581677894,-0.548518250185317,-0.9639423581677894
-0.548518250185317,-0.9639423581677894,-0.548518250185317,-1.001708186166196
-0.548518250185317,-1.001708186166196,-0.6618157341805366,-1.001708186166196
-0.6618157341805366,-1.001708186166196,-0.6618157341805366,-0.9261765301693828
-0.6618157341805366,-0.9261765301693828,-0.6240499061821301,-0.9261765301693828
-0.6240499061821301,-0.9261765301693828,-0.6618157341805366,-0.9261765301693828
-0.6618157341805366,-0.9261765301693828,-0.6618157341805366,-0.8506448741725696
-0.6618157341805366,-0.8506448741725696,-0.6240499061821301,-0.8506448741725696
-0.6240499061821301,-0.8506448741725696,-0.6240499061821301,-0.7751132181757564
-0.6240499061821301,-0.7751132181757564,-0.5862840781837235,-0.7751132181757564
-0.5862840781837235,-0.7751132181757564,-0.5862840781837235,-0.6240499061821301
-0.5862840781837235,-0.6240499061821301,-0.548518250185317,-0.6240499061821301
-0.548518250185317,-0.6240499061821301,-0.548518250185317,-0.5862840781837235
-0.548518250185317,-0.5862840781837235,-0.3974549381916906,-0.5862840781837235
-0.3974549381916906,-0.5862840781837235,-0.3974549381916906,-0.548518250185317
-0.3974549381916906,-0.548518250185317,-0.3219232821948774,-0.548518250185317
-0.3219232821948774,-0.548518250185317,-0.3219232821948774,-0.5862840781837235
-0.3219232821948774,-0.5862840781837235,-0.2841574541964708,-0.5862840781837235
-0.2841574541964708,-0.5862840781837235,-0.2841574541964708,-0.548518250185317
-0.2841574541964708,-0.548518250185317,0.20679830978281483,-0.548518250185317
0.20679830978281483,-0.548518250185317,0.20679830978281483,-0.6240499061821301
0.20679830978281483,-0.6240499061821301,0.282329965779628,-0.6240499061821301
0.282329965779628,-0.6240499061821301,0.282329965779628,-0.548518250185317
0.282329965779628,-0.548518250185317,0.8488173857557268,-0.548518250185317
0.8488173857557268,-0.548518250185317,0.8488173857557268,-0.43522076619009714
0.8488173857557268,-0.43522076619009714,0.8865832137541334,-0.43522076619009714
0.8865832137541334,-0.43522076619009714,0.8865832137541334,-0.3974549381916906
0.8865832137541334,-0.3974549381916906,0.9621148697509466,-0.3974549381916906
0.9621148697509466,-0.3974549381916906,0.9621148697509466,-0.359689110193284
0.9621148697509466,-0.359689110193284,0.9998806977493532,-0.359689110193284
0.9998806977493532,-0.359689110193284,0.9998806977493532,-0.09532831420443787
0.9998806977493532,-0.09532831420443787,0.9621148697509466,-0.09532831420443787
0.9621148697509466,-0.09532831420443787,0.9621148697509466,-0.057562486206031285
0.9621148697509466,-0.057562486206031285,0.8865832137541334,-0.057562486206031285
0.8865832137541334,-0.057562486206031285,0.8865832137541334,-0.019796658207624697
0.8865832137541334,-0.019796658207624697,0.7355199017605071,-0.019796658207624697
0.7355199017605071,-0.019796658207624697,0.7355199017605071,0.017969169790781888
0.7355199017605071,0.017969169790781888,0.6977540737621004,0.017969169790781888
0.6977540737621004,0.017969169790781888,0.6977540737621004,-0.019796658207624697
0.6977540737621004,-0.019796658207624697,0.6599882457636939,-0.019796658207624697
0.6599882457636939,-0.019796658207624697,0.6599882457636939,-0.09532831420443787
0.6599882457636939,-0.09532831420443787,0.5466907617684741,-0.09532831420443787
0.5466907617684741,-0.09532831420443787,0.5466907617684741,-0.057562486206031285
0.5466907617684741,-0.057562486206031285,0.017969169790781888,-0.057562486206031285
0.017969169790781888,-0.057562486206031285,0.017969169790781888,-0.09532831420443787
0.017969169790781888,-0.09532831420443787,-0.17085997020125104,-0.09532831420443787
-0.17085997020125104,-0.09532831420443787,-0.17085997020125104,-0.13309414220284446
-0.17085997020125104,-0.13309414220284446,-0.2841574541964708,-0.13309414220284446
-0.2841574541964708,-0.13309414220284446,-0.2841574541964708,-0.17085997020125104
-0.2841574541964708,-0.17085997020125104,-0.3974549381916906,-0.17085997020125104
-0.3974549381916906,-0.17085997020125104,-0.3974549381916906,-0.13309414220284446
-0.3974549381916906,-0.13309414220284446,-0.43522076619009714,-0.13309414220284446
-0.43522076619009714,-0.13309414220284446,-0.43522076619009714,-0.09532831420443787
-0.43522076619009714,-0.09532831420443787,-0.3974549381916906,-0.09532831420443787
-0.3974549381916906,-0.09532831420443787,-0.3974549381916906,-0.20862579819965762
-0.3974549381916906,-0.20862579819965762,-0.47298659418850375,-0.20862579819965762
-0.47298659418850375,-0.20862579819965762,-0.47298659418850375,-0.24639162619806423
-0.47298659418850375,-0.24639162619806423,-0.6618157341805366,-0.24639162619806423
-0.6618157341805366,-0.24639162619806423,-0.6618157341805366,-0.17085997020125104
-0.6618157341805366,-0.17085997020125104,-0.8128790461741631,-0.17085997020125104
-0.8128790461741631,-0.17085997020125104,-0.8128790461741631,-0.20862579819965762
-0.8128790461741631,-0.20862579819965762,-0.8506448741725696,-0.20862579819965762
-0.8506448741725696,-0.20862579819965762,-0.8506448741725696,-0.24639162619806423
-0.8506448741725696,-0.24639162619806423,-0.8884107021709762,-0.24639162619806423
-0.8884107021709762,-0.24639162619806423,-0.8884107021709762,-0.2841574541964708
-0.8884107021709762,-0.2841574541964708,-1.001708186166196,-0.2841574541964708
-1.001708186166196,-0.2841574541964708,-1.001708186166196,-0.3974549381916906