-0.8895912969483766,0.7974834652710718,-0.8759858553175746,0.7974834652710718
-0.8759858553175746,0.7974834652710718,-0.8759858553175746,0.7702725820094678
-0.8759858553175746,0.7702725820094678,-0.8895912969483766,0.7702725820094678
-0.8895912969483766,0.7702725820094678,-0.8895912969483766,0.7566671403786658
-0.8895912969483766,0.7566671403786658,-0.8759858553175746,0.7566671403786658
-0.8759858553175746,0.7566671403786658,-0.8759858553175746,0.7294562571170619
-0.8759858553175746,0.7294562571170619,-0.8895912969483766,0.7294562571170619
-0.8895912969483766,0.7294562571170619,-0.8895912969483766,0.7158508154862598
-0.8895912969483766,0.7158508154862598,-0.8623804136867725,0.7158508154862598
-0.8623804136867725,0.7158508154862598,-0.8623804136867725,0.6886399322246558
-0.8623804136867725,0.6886399322246558,-0.8215640887943666,0.6886399322246558
-0.8215640887943666,0.6886399322246558,-0.8215640887943666,0.7022453738554578
-0.8215640887943666,0.7022453738554578,-0.7671423222711585,0.7022453738554578
-0.7671423222711585,0.7022453738554578,-0.7671423222711585,0.6478236073322498
-0.7671423222711585,0.6478236073322498,-0.7535368806403566,0.6478236073322498
-0.7535368806403566,0.6478236073322498,-0.7535368806403566,0.5934018408090418
-0.7535368806403566,0.5934018408090418,-0.7399314390095546,0.5934018408090418
-0.7399314390095546,0.5934018408090418,-0.7399314390095546,0.5661909575474378
-0.7399314390095546,0.5661909575474378,-0.7263259973787526,0.5661909575474378
-0.7263259973787526,0.5661909575474378,-0.7263259973787526,0.5525855159166357
-0.7263259973787526,0.5525855159166357,-0.7127205557479506,0.5525855159166357
-0.7127205557479506,0.5525855159166357,-0.7263259973787526,0.5525855159166357
-0.7263259973787526,0.5525855159166357,-0.7263259973787526,0.6070072824398438
-0.7263259973787526,0.6070072824398438,-0.7399314390095546,0.6070072824398438
-0.7399314390095546,0.6070072824398438,-0.7399314390095546,0.7022453738554578
-0.7399314390095546,0.7022453738554578,-0.6719042308555445,0.7022453738554578
-0.6719042308555445,0.7022453738554578,-0.6719042308555445,0.7158508154862598
-0.6719042308555445,0.7158508154862598,-0.6582987892247425,0.7158508154862598
-0.6582987892247425,0.7158508154862598,-0.6582987892247425,0.7294562571170619
-0.6582987892247425,0.7294562571170619,-0.6446933475939406,0.7294562571170619
-0.6446933475939406,0.7294562571170619,-0.6446933475939406,0.7430616987478638
-0.6446933475939406,0.7430616987478638,-0.6582987892247425,0.7430616987478638
-0.6582987892247425,0.7430616987478638,-0.6582987892247425,0.7702725820094678
-0.6582987892247425,0.7702725820094678,-0.6446933475939406,0.7702725820094678
-0.6446933475939406,0.7702725820094678,-0.6446933475939406,0.7838780236402698
-0.6446933475939406,0.7838780236402698,-0.5630606978091285,0.7838780236402698
-0.5630606978091285,0.7838780236402698,-0.5630606978091285,0.7702725820094678
-0.5630606978091285,0.7702725820094678,-0.5358498145475246,0.7702725820094678
-0.5358498145475246,0.7702725820094678,-0.5358498145475246,0.7838780236402698
-0.5358498145475246,0.7838780236402698,-0.4950334896551185,0.7838780236402698
-0.4950334896551185,0.7838780236402698,-0.4950334896551185,0.7974834652710718
-0.4950334896551185,0.7974834652710718,-0.31816274845469245,0.7974834652710718
-0.31816274845469245,0.7974834652710718,-0.31816274845469245,0.8110889069018739
-0.31816274845469245,0.8110889069018739,-0.22292465703907843,0.8110889069018739
-0.22292465703907843,0.8110889069018739,-0.22292465703907843,0.7974834652710718
-0.22292465703907843,0.7974834652710718,-0.19571377377747443,0.7974834652710718
-0.19571377377747443,0.7974834652710718,-0.19571377377747443,0.8110889069018739
-0.19571377377747443,0.8110889069018739,-0.15489744888506843,0.8110889069018739
-0.15489744888506843,0.8110889069018739,-0.15489744888506843,0.7430616987478638
-0.15489744888506843,0.7430616987478638,-0.1412920072542664,0.7430616987478638
-0.1412920072542664,0.7430616987478638,-0.1412920072542664,0.6478236073322498
-0.1412920072542664,0.6478236073322498,-0.12768656562346442,0.6478236073322498
-0.12768656562346442,0.6478236073322498,-0.12768656562346442,0.6614290489630518
-0.12768656562346442,0.6614290489630518,-0.1412920072542664,0.6614290489630518
-0.1412920072542664,0.6614290489630518,-0.1412920072542664,0.8246943485326759
-0.1412920072542664,0.8246943485326759,-0.03244847420785039,0.8246943485326759
-0.03244847420785039,0.8246943485326759,-0.03244847420785039,0.8382997901634779
-0.03244847420785039,0.8382997901634779,-0.0052375909462463776,0.8382997901634779
-0.0052375909462463776,0.8382997901634779,-0.0052375909462463776,0.8246943485326759
-0.0052375909462463776,0.8246943485326759,0.02197329231535763,0.8246943485326759
0.02197329231535763,0.8246943485326759,0.02197329231535763,0.8382997901634779
0.02197329231535763,0.8382997901634779,0.14442226699257565,0.8382997901634779
0.14442226699257565,0.8382997901634779,0.14442226699257565,0.8519052317942798
0.14442226699257565,0.8519052317942798,0.2532658000389917,0.8519052317942798
0.2532658000389917,0.8519052317942798,0.2532658000389917,0.8246943485326759
0.2532658000389917,0.8246943485326759,0.2532658000389917,0.8519052317942798
0.2532658000389917,0.8519052317942798,0.2804766833005957,0.8519052317942798
0.2804766833005957,0.8519052317942798,0.2804766833005957,0.8655106734250818
0.2804766833005957,0.8655106734250818,0.3076875665621997,0.8655106734250818
0.3076875665621997,0.8655106734250818,0.3076875665621997,0.8519052317942798
0.3076875665621997,0.8519052317942798,0.33489844982380373,0.8519052317942798
0.33489844982380373,0.8519052317942798,0.33489844982380373,0.8655106734250818
0.33489844982380373,0.8655106734250818,0.37571477471620973,0.8655106734250818
0.37571477471620973,0.8655106734250818,0.37571477471620973,0.8519052317942798
0.37571477471620973,0.8519052317942798,0.4029256579778137,0.8519052317942798
0.4029256579778137,0.8519052317942798,0.4029256579778137,0.8655106734250818
0.4029256579778137,0.8655106734250818,0.41653109960861573,0.8655106734250818
0.41653109960861573,0.8655106734250818,0.41653109960861573,0.8791161150558838
0.41653109960861573,0.8791161150558838,0.5797963991782398,0.8791161150558838
0.5797963991782398,0.8791161150558838,0.5797963991782398,0.8927215566866858
0.5797963991782398,0.8927215566866858,0.6478236073322498,0.8927215566866858
0.6478236073322498,0.8927215566866858,0.6478236073322498,0.8791161150558838
0.6478236073322498,0.8791161150558838,0.6750344905938538,0.8791161150558838
0.6750344905938538,0.8791161150558838,0.6750344905938538,0.8927215566866858
0.6750344905938538,0.8927215566866858,0.7430616987478638,0.8927215566866858
0.7430616987478638,0.8927215566866858,0.7430616987478638,0.9063269983174879
0.7430616987478638,0.9063269983174879,0.7702725820094678,0.9063269983174879
0.7702725820094678,0.9063269983174879,0.7702725820094678,0.8519052317942798
0.7702725820094678,0.8519052317942798,0.7838780236402698,0.8519052317942798
0.7838780236402698,0.8519052317942798,0.7838780236402698,0.8382997901634779
0.7838780236402698,0.8382997901634779,0.8791161150558838,0.8382997901634779
0.8791161150558838,0.8382997901634779,0.8791161150558838,0.8519052317942798
0.8791161150558838,0.8519052317942798,0.9743542064714978,0.8519052317942798
0.9743542064714978,0.8519052317942798,0.9743542064714978,0.8791161150558838
0.9743542064714978,0.8791161150558838,0.9879596481022999,0.8791161150558838
0.9879596481022999,0.8791161150558838,0.9879596481022999,0.8927215566866858
0.9879596481022999,0.8927215566866858,1.0015650897331019,0.8927215566866858
1.0015650897331019,0.8927215566866858,1.0015650897331019,0.9335378815790919
1.0015650897331019,0.9335378815790919,0.9879596481022999,0.9335378815790919
0.9879596481022999,0.9335378815790919,0.9879596481022999,0.9607487648406958
0.9879596481022999,0.9607487648406958,0.9743542064714978,0.9607487648406958
0.9743542064714978,0.9607487648406958,0.9743542064714978,0.9743542064714978
0.9743542064714978,0.9743542064714978,0.9471433232098939,0.9743542064714978
0.9471433232098939,0.9743542064714978,0.9471433232098939,0.9607487648406958
0.9471433232098939,0.9607487648406958,0.8927215566866858,0.9607487648406958
0.8927215566866858,0.9607487648406958,0.8927215566866858,1.0015650897331019
0.8927215566866858,1.0015650897331019,0.8382997901634779,1.0015650897331019
0.8382997901634779,1.0015650897331019,0.8382997901634779,1.028775972994706
0.8382997901634779,1.028775972994706,0.7974834652710718,1.028775972994706
0.7974834652710718,1.028775972994706,0.7974834652710718,1.015170531363904
0.7974834652710718,1.015170531363904,0.7702725820094678,1.015170531363904
0.7702725820094678,1.015170531363904,0.7702725820094678,1.028775972994706
0.7702725820094678,1.028775972994706,0.7566671403786658,1.028775972994706
0.7566671403786658,1.028775972994706,0.7566671403786658,1.05598685625631
0.7566671403786658,1.05598685625631,0.7974834652710718,1.05598685625631
0.7974834652710718,1.05598685625631,0.7974834652710718,1.015170531363904
0.7974834652710718,1.015170531363904,0.7702725820094678,1.015170531363904
0.7702725820094678,1.015170531363904,0.7702725820094678,1.028775972994706
0.7702725820094678,1.028775972994706,0.7838780236402698,1.028775972994706
0.7838780236402698,1.028775972994706,0.7838780236402698,1.015170531363904
0.7838780236402698,1.015170531363904,0.7702725820094678,1.015170531363904
0.7702725820094678,1.015170531363904,0.7702725820094678,1.028775972994706
0.7702725820094678,1.028775972994706,0.7702725820094678,0.9879596481022999
0.7702725820094678,0.9879596481022999,0.7566671403786658,0.9879596481022999
0.7566671403786658,0.9879596481022999,0.7566671403786658,0.9743542064714978
0.7566671403786658,0.9743542064714978,0.7702725820094678,0.9743542064714978
0.7702725820094678,0.9743542064714978,0.7702725820094678,0.9471433232098939
0.7702725820094678,0.9471433232098939,0.7158508154862598,0.9471433232098939
0.7158508154862598,0.9471433232098939,0.7158508154862598,0.9607487648406958
0.7158508154862598,0.9607487648406958,0.7022453738554578,0.9607487648406958
0.7022453738554578,0.9607487648406958,0.7022453738554578,0.9471433232098939
0.7022453738554578,0.9471433232098939,0.6614290489630518,0.9471433232098939
0.6614290489630518,0.9471433232098939,0.6614290489630518,0.9607487648406958
0.6614290489630518,0.9607487648406958,0.6614290489630518,0.9471433232098939
0.6614290489630518,0.9471433232098939,0.5934018408090418,0.9471433232098939
0.5934018408090418,0.9471433232098939,0.5934018408090418,0.9335378815790919
0.5934018408090418,0.9335378815790919,0.47095286613182374,0.9335378815790919
0.47095286613182374,0.9335378815790919,0.47095286613182374,0.9199324399482899
0.47095286613182374,0.9199324399482899,0.38932021634701175,0.9199324399482899
0.38932021634701175,0.9199324399482899,0.38932021634701175,0.9335378815790919
0.38932021634701175,0.9335378815790919,0.37571477471620973,0.9335378815790919
0.37571477471620973,0.9335378815790919,0.37571477471620973,0.9199324399482899
0.37571477471620973,0.9199324399482899,0.3212930081930017,0.9199324399482899
0.3212930081930017,0.9199324399482899,0.3212930081930017,0.9063269983174879
0.3212930081930017,0.9063269983174879,0.18523859188498168,0.9063269983174879
0.18523859188498168,0.9063269983174879,0.18523859188498168,0.9471433232098939
0.18523859188498168,0.9471433232098939,0.15802770862337767,0.9471433232098939
0.15802770862337767,0.9471433232098939,0.15802770862337767,0.9335378815790919
0.15802770862337767,0.9335378815790919,0.13081682536177366,0.9335378815790919
0.13081682536177366,0.9335378815790919,0.13081682536177366,0.9471433232098939
0.13081682536177366,0.9471433232098939,0.09000050046936765,0.9471433232098939
0.09000050046936765,0.9471433232098939,0.09000050046936765,0.9607487648406958
0.09000050046936765,0.9607487648406958,0.07639505883856565,0.9607487648406958
0.07639505883856565,0.9607487648406958,0.07639505883856565,0.9743542064714978
0.07639505883856565,0.9743542064714978,0.02197329231535763,0.9743542064714978
0.02197329231535763,0.9743542064714978,0.02197329231535763,0.9607487648406958
0.02197329231535763,0.9607487648406958,-0.0052375909462463776,0.9607487648406958
-0.0052375909462463776,0.9607487648406958,-0.0052375909462463776,0.9199324399482899
-0.0052375909462463776,0.9199324399482899,-0.0868702407310584,0.9199324399482899
-0.0868702407310584,0.9199324399482899,-0.0868702407310584,0.8791161150558838
-0.0868702407310584,0.8791161150558838,-0.1140811239926624,0.8791161150558838
-0.1140811239926624,0.8791161150558838,-0.1140811239926624,0.9335378815790919
-0.1140811239926624,0.9335378815790919,-0.1412920072542664,0.9335378815790919
-0.1412920072542664,0.9335378815790919,-0.1412920072542664,0.9471433232098939
-0.1412920072542664,0.9471433232098939,-0.1140811239926624,0.9471433232098939
-0.1140811239926624,0.9471433232098939,-0.1140811239926624,0.9607487648406958
-0.1140811239926624,0.9607487648406958,-0.12768656562346442,0.9607487648406958
-0.12768656562346442,0.9607487648406958,-0.1140811239926624,0.9607487648406958
-0.1140811239926624,0.9607487648406958,-0.1140811239926624,0.8791161150558838
-0.1140811239926624,0.8791161150558838,-0.15489744888506843,0.8791161150558838
-0.15489744888506843,0.8791161150558838,-0.15489744888506843,0.8655106734250818
-0.15489744888506843,0.8655106734250818,-0.22292465703907843,0.8655106734250818
-0.22292465703907843,0.8655106734250818,-0.22292465703907843,0.9199324399482899
-0.22292465703907843,0.9199324399482899,-0.23653009866988042,0.9199324399482899
-0.23653009866988042,0.9199324399482899,-0.23653009866988042,0.9063269983174879
-0.23653009866988042,0.9063269983174879,-0.2501355403006824,0.9063269983174879
-0.2501355403006824,0.9063269983174879,-0.2501355403006824,0.8655106734250818
-0.2501355403006824,0.8655106734250818,-0.30455730682389043,0.8655106734250818
-0.30455730682389043,0.8655106734250818,-0.30455730682389043,0.8519052317942798
-0.30455730682389043,0.8519052317942798,-0.33176819008549446,0.8519052317942798
-0.33176819008549446,0.8519052317942798,-0.33176819008549446,0.8655106734250818
-0.33176819008549446,0.8655106734250818,-0.3453736317162965,0.8655106734250818
-0.3453736317162965,0.8655106734250818,-0.3453736317162965,0.8519052317942798
-0.3453736317162965,0.8519052317942798,-0.3861899566087025,0.8519052317942798
-0.3861899566087025,0.8519052317942798,-0.3861899566087025,0.8655106734250818
-0.3861899566087025,0.8655106734250818,-0.3997953982395045,0.8655106734250818
-0.3997953982395045,0.8655106734250818,-0.3997953982395045,0.8519052317942798
-0.3997953982395045,0.8519052317942798,-0.4678226063935145,0.8519052317942798
-0.4678226063935145,0.8519052317942798,-0.4678226063935145,0.8382997901634779
-0.4678226063935145,0.8382997901634779,-0.4950334896551185,0.8382997901634779
-0.4950334896551185,0.8382997901634779,-0.4950334896551185,0.8519052317942798
-0.4950334896551185,0.8519052317942798,-0.5086389312859205,0.8519052317942798
-0.5086389312859205,0.8519052317942798,-0.5086389312859205,0.8382997901634779
-0.5086389312859205,0.8382997901634779,-0.6174824643323366,0.8382997901634779
-0.6174824643323366,0.8382997901634779,-0.6174824643323366,0.8246943485326759
-0.6174824643323366,0.8246943485326759,-0.6719042308555445,0.8246943485326759
-0.6719042308555445,0.8246943485326759,-0.6719042308555445,0.8791161150558838
-0.6719042308555445,0.8791161150558838,-0.6582987892247425,0.8791161150558838
-0.6582987892247425,0.8791161150558838,-0.6719042308555445,0.8791161150558838
-0.6719042308555445,0.8791161150558838,-0.6719042308555445,0.8655106734250818
-0.6719042308555445,0.8655106734250818,-0.7399314390095546,0.8655106734250818
-0.7399314390095546,0.8655106734250818,-0.7399314390095546,0.8519052317942798
-0.7399314390095546,0.8519052317942798,-0.7671423222711585,0.8519052317942798
-0.7671423222711585,0.8519052317942798,-0.7671423222711585,0.8655106734250818
-0.7671423222711585,0.8655106734250818,-0.7671423222711585,0.8519052317942798
-0.7671423222711585,0.8519052317942798,-0.7943532055327626,0.8519052317942798
-0.7943532055327626,0.8519052317942798,-0.7943532055327626,0.8110889069018739
-0.7943532055327626,0.8110889069018739,-0.8759858553175746,0.8110889069018739
-0.8759858553175746,0.8110889069018739,-0.8759858553175746,0.7974834652710718
-0.8759858553175746,0.7974834652710718,-0.8895912969483766,0.7974834652710718
